2014 10 17 21:03:55 61.56 140.65 2.6 6.7 190km-WNW-of-Haines-Jct.,YT
2014 10 17 18:33:37 60.43 70.34 2.5 18.0 50km-N-from-Kangirsuk,QC
2014 10 11 19:24:24 60.58 57.91 4.1 18.0 381km-E-from-Killiniq,QC
2014 10 10 17:26:37 63.42 70.89 3.1 18.0 82km-NW-from-Kimmirut,NU
2014 10 10 06:32:44 76.62 96.88 4.1 18.0 137km-N-from-Polaris,NU
2014 10 10 04:42:40 76.51 97.12 4.7 18.0 125km-N-from-Polaris,NU
2014 10 10 01:03:33 76.86 98.06 2.8 18.0 166km-N-from-Polaris,NU
2014 10 10 13:53:22 76.56 96.99 2.8 18.0 130km-N-from-Polaris,NU
2014 10 6 21:54:56 75.79 108.28 3.9 18.0 303km-E-from-Mould-Bay,NT
2014 10 6 06:07:47 66.62 67.35 2.9 18.0 91km-NW-from-Pangnirtung,NU
2014 10 5 12:29:59 62.61 127.50 3.3 1.0 286km-NNE-of-Watson-Lk.,YT
2014 10 5 10:30:57 71.95 75.70 3.1 18.0 114km-SE-from-Pond-Inlet,NU
2014 10 4 12:46:44 75.62 108.28 3.3 18.0 308km-E-from-Mould-Bay,NT
2014 10 4 12:02:09 70.82 93.02 2.4 18.0 78km-N-from-Thom-Bay,NU
2014 10 4 04:53:38 70.87 93.30 2.5 18.0 88km-N-from-Thom-Bay,NU
2014 10 23 17:36:45 74.66 93.20 1.9 18.0 48km-E-from-Resolute,NU
2014 10 20 21:18:30 77.88 102.91 2.9 18.0 102km-S-from-Isachsen,NU
2014 10 20 09:54:49 73.47 95.08 3.1 18.0 137km-S-from-Resolute,NU
2014 10 19 22:11:14 60.19 75.47 2.6 18.0 102km-E-from-Puvirnituq,QC
2014 10 18 05:28:17 72.25 76.42 2.5 18.0 73km-SE-from-Pond-Inlet,NU
2014 10 17 02:43:23 63.18 137.93 1.3 5.0 122km-ESE-of-Dawson,YT
2014 10 17 01:07:02 62.62 141.53 1.4 17.3 191km-SW-of-Dawson,YT
2014 10 17 01:00:15 77.04 105.96 3.8 18.0 203km-S-from-Isachsen,NU
2014 10 13 19:04:28 71.47 134.75 3.9 35.0 336km-W-of-Sachs-Harbour,NT
2014 10 10 19:50:26 67.00 137.05 2.6 10.0 123km-W-of-Fort-McPherson,NT
2014 10 10 05:02:54 60.02 139.60 2.1 14.9 81km-N-of-Yakutat,AK
2014 10 10 15:18:04 61.61 124.73 2.7 1.0 184km-W-of-Fort-Simpson,NT
2014 10 10 04:57:12 62.10 124.02 3.9 1.0 149km-W-of-Fort-Simpson,NT
2014 10 10 13:13:17 65.04 133.65 2.5 1.0 269km-SSE-of-Fort-McPherson,NT
2014 10 10 09:14:13 60.10 135.87 1.7 1.0 82km-SW-of-Whitehorse,YT
2014 10 3 02:44:29 71.16 62.85 4.4 18.0 225km-NE-from-Clyde-River,NU
2014 10 2 07:10:18 62.15 124.04 3.4 1.0 152km-W-of-Fort-Simpson,NT
2014 10 1 10:37:44 64.55 134.38 3.0 1.0 249km-E-of-Dawson,YT
2014 10 29 18:02:25 61.54 140.65 2.1 1.0 189km-WNW-of-Haines-Jct.,YT
2014 10 29 08:46:32 60.36 140.24 1.9 1.0 125km-NW-of-Yakutat,AK
2014 10 28 14:05:54 60.06 139.44 2.1 5.0 85km-N-of-Yakutat,AK
2014 10 27 10:45:15 60.32 141.19 2.1 10.0 148km-WNW-of-Yakutat,AK
2014 10 25 08:36:53 64.84 138.45 2.4 10.0 98km-NE-of-Dawson,YT
2014 10 23 21:12:51 61.15 140.27 2.6 1.0 154km-W-of-Haines-Jct.,YT
2014 10 20 04:36:39 60.22 139.66 2.5 5.0 104km-N-of-Yakutat,AK
2014 10 19 07:37:52 64.47 134.82 4.1 1.0 226km-E-of-Dawson,YT
2014 10 10 01:26:03 61.07 140.13 2.2 1.0 145km-W-of-Haines-Jct.,YT
2014 10 10 21:57:44 61.56 140.99 3.4 1.0 206km-WNW-of-Haines-Jct.,YT
2014 10 10 09:39:56 62.61 127.99 2.8 1.0 280km-NNE-of-Watson-Lk.,YT
2014 10 10 09:32:59 62.60 127.98 3.5 1.0 279km-NNE-of-Watson-Lk.,YT
2014 10 7 06:54:49 60.35 140.31 2.3 1.0 126km-NW-of-Yakutat,AK
2014 10 3 08:31:02 65.51 134.55 3.1 5.0 215km-S-of-Fort-McPherson,NT
2014 10 2 04:57:34 70.98 65.61 4.0 18.0 124km-NE-from-Clyde-River,NU
2014 10 29 18:37:31 65.60 122.63 5.0 10.0 191km-E-of-Norman-Wells,NT.
2014 10 29 03:49:30 66.66 135.81 3.3 20.0 105km-WSW-of-Fort-McPherson,NT
2014 10 28 05:50:22 62.61 127.90 3.5 1.0 281km-NNE-of-Watson-Lk.,YT
2014 10 27 06:53:30 66.20 141.39 3.4 1.0 255km-NW-of-Dawson,YT
2014 10 25 06:58:38 61.92 123.60 2.8 10.0 124km-W-of-Fort-Simpson,NT
2014 10 23 13:24:34 60.05 140.90 3.2 10.5 115km-WNW-of-Yakutat,AK
2014 10 23 05:22:48 71.22 72.33 3.2 18.0 160km-NW-from-Clyde-River,NU
2014 10 22 09:18:26 73.39 70.28 3.2 18.0 263km-E-from-Pond-Inlet,NU
2014 10 22 08:50:13 64.97 134.08 4.0 1.0 274km-E-of-Dawson,YT
2014 10 18 05:07:26 71.13 134.49 2.9 35.0 316km-NNW-of-Inuvik,NT
2014 10 15 01:14:48 61.26 59.38 3.4 18.0 296km-E-from-Resolution-Island,NU
2014 10 13 23:56:43 71.08 72.31 3.4 18.0 152km-NW-from-Clyde-River,NU
2014 10 13 23:04:38 60.36 140.37 2.0 7.7 128km-NW-of-Yakutat,AK
2014 10 10 18:25:25 60.79 130.23 2.6 5.0 107km-WNW-of-Watson-Lk.,YT
2014 10 10 09:48:58 65.55 134.16 3.0 1.0 210km-S-of-Fort-McPherson,NT
2014 10 10 15:59:06 62.69 128.06 3.2 1.0 289km-NNE-of-Watson-Lk.,YT
2014 10 10 08:18:01 61.39 140.32 1.9 10.0 166km-WNW-of-Haines-Jct.,YT
2014 10 10 08:08:48 61.40 140.33 2.2 5.0 167km-WNW-of-Haines-Jct.,YT
2014 10 8 19:00:09 61.34 139.79 2.0 1.5 138km-WNW-of-Haines-Jct.,YT
2014 10 6 20:40:37 62.59 127.91 3.0 1.0 279km-NNE-of-Watson-Lk.,YT
2014 10 5 17:45:05 77.56 85.64 3.2 18.0 145km-NW-from-Grise-Fiord,NU
2014 10 3 04:29:50 66.76 136.12 2.7 10.0 105km-WSW-of-Fort-McPherson,NT